[MEASUREMENTS]
A_head_circ: [90, 4225, 4227, 4231, 4237, 4236, 4258, 4263, 4262, 4265, 4291, 6400, 6399, 6329, 4317, 1179, 1184, 3199, 3269, 3270, 1074, 1048, 1045, 1046, 1041, 1019, 1020, 1014, 1010, 1008, 90]
B_neck_circ: [65, 4035, 4086, 4087, 4104, 4117, 4113, 4112, 6221, 6225, 6224, 1161, 3094, 3095, 3091, 895, 896, 900, 887, 870, 869, 818, 65]
C_crotch_len: [65, 0]
D_chest_circ: [46, 3851, 3852, 3854, 3855, 3895, 3868, 3899, 3901, 3903, 3914, 3918, 3921, 3922, 5673, 5670, 5671, 5679, 5680, 5613, 5620, 5614, 5615, 5600, 5567, 5595, 1141, 2464, 2436, 2469, 2457, 2484, 2486, 2490, 2483, 2550, 2542, 2540, 2543, 705, 701, 697, 686, 684, 682, 651, 678, 637, 635, 634, 46]
E_waist_circ: [29, 3731, 3734, 3732, 3737, 3744, 3748, 3749, 3750, 3761, 3762, 3763, 3766, 5461, 5465, 5463, 5467, 5477, 5479, 5447, 5444, 5442, 5441, 1128, 2310, 2311, 2313, 2316, 2348, 2346, 2337, 2332, 2334, 2330, 549, 546, 545, 533, 532, 531, 527, 520, 515, 517, 514, 29]
F_pelvis_circ: [17, 3655, 3657, 3656, 3667, 3670, 3671, 3673, 3722, 3723, 5418, 5410, 5414, 5353, 5337, 5340, 5341, 5350, 5393, 5383, 5382, 5379, 1119, 2248, 2251, 2252, 2262, 2219, 2210, 2209, 2206, 2222, 2283, 2279, 2287, 506, 504, 456, 454, 453, 450, 439, 440, 438, 17]
G_wrist_circ_left: [2870, 2865, 2849, 2848, 2856, 2851, 2852, 2858, 2876, 2884, 2885, 2887, 2957, 2870]
G_wrist_circ_right: [5996, 6001, 6017, 6015, 6014, 6006, 5988, 5982, 5981, 5986, 5978, 5979, 5996]
H_bicep_circ_left: [3225, 802, 792, 785, 781, 2630, 2599, 2600, 2601, 2604, 2605, 2614, 2615, 2637, 2655, 2685, 3226, 3224, 3225]
H_bicep_circ_right: [4016, 4018, 6360, 6361, 6357, 6359, 6358, 5814, 5788, 5784, 5778, 5777, 5763, 5741, 5756, 5759, 5761, 4003, 4004, 4007, 4016]
I_forearm_circ_left: [2739, 2720, 813, 810, 2707, 2692, 2706, 2709, 2715, 2728, 2731, 2735, 2743, 3251, 3250, 3255, 2770, 2739]
I_forearm_circ_right: [4030, 5870, 5897, 5898, 5904, 6393, 6387, 6383, 6388, 5872, 5875, 5860, 5854, 5846, 5842, 5841, 5836, 5822, 5837, 4027, 4030]
J_arm_len_left: [760,2850]
J_arm_len_right: [3977,6044]
K_leg_len_left: [358, 1337]
K_leg_len_right: [3560, 4468]
L_thigh_circ_left: [332, 330, 320, 327, 298, 297, 291, 293, 295, 280, 1951, 1953, 1952, 2041, 2044, 2063, 2066, 2067, 2070, 2071, 2087, 2091, 2090, 2163, 2161, 2160, 2040, 2029, 2028, 2025, 334, 332]
L_thigh_circ_right: [3510, 3508, 3514, 3515, 3544, 3537, 3547, 3549, 3551, 5156, 5159, 5160, 5283, 5171, 5291, 5292, 5294, 5221, 5220, 5219, 5216, 5215, 5200, 5196, 5195, 5097, 5177, 5173, 5083, 5084, 5179, 3497, 3512, 3510]
M_calf_circ_left: [1661, 1660, 1558, 1634, 1528, 1632, 1626, 1524, 1648, 1546, 1589, 1588, 1592, 1650, 1652, 1755, 1759, 1761, 1684, 1673, 1675, 1674, 1661]
M_calf_circ_right: [4763, 4659, 4765, 4689, 4791, 4792, 4805, 4806, 4804, 4801, 4894, 4892, 4890, 4886, 4682, 4780, 4681, 4719, 4720, 4676, 4655, 4757, 4763]
N_ankle_circ_left: [1351, 1352, 1353, 1346, 1299, 1298, 1318, 1319, 1322, 1312, 1323, 1325, 1375, 1379, 1374, 1377, 1384, 1383, 1382, 1351]
N_ankle_circ_right: [4429, 4430, 4477, 4484, 4483, 4482, 4513, 4514, 4515, 4508, 4510, 4506, 4456, 4454, 4455, 4453, 4450, 4449, 4429]
O_overall_height: []
P_shoulder_breadth: [923,4130]
